tree
version=v4
num_class=1
num_tree_per_iteration=1
label_index=0
max_feature_idx=13
objective=lambdarank
feature_names=popularity_score trending_score country_score tfidf_score cf_score als_score semantic_score freshness_score num_sources source_count score_sum score_mean score_max score_min
feature_infos=[0.70767827152136997:1] [0:1] [0:1] [0.024159226713598228:1.0000000000000002] [0.0052686338312923908:555.67291259765625] [2.0678320167277775e-12:1.3001420497894287] none [5.676047114485855e-08:0.99894616512196299] [1:6] [1:6] [0:555.67291259765625] [2.0678320167277775e-12:555.67291259765625] [0:555.67291259765625] none
tree_sizes=3517 3494 3523 3533 3514 3516 3522 3511 3523 3516 3527 3518 3525 3518 3520 3517 3513 3527 3514 3528 3515

Tree=0
num_leaves=31
num_cat=0
split_feature=7 8 7 8 0 7 7 7 5 5 4 2 2 10 2 0 4 5 2 7 12 0 3 5 7 5 7 7 3 8
split_gain=905.887 227.914 114.07 87.8298 39.0271 35.7258 33.7916 34.0584 50.1262 25.2514 15.3984 15.1404 14.8346 14.5548 14.2144 14.104 13.9566 12.9985 15.151 12.228 10.8272 12.9452 9.9463 9.21222 7.8939 7.60739 15.2515 7.28568 6.88563 6.61891
threshold=0.011147820500125546 1.5000000000000002 7.283314618555677e-06 1.5000000000000002 0.87147398164038326 0.00034122003266939154 0.7562127313310868 0.48211645163134681 0.0075633968226611623 0.033165786415338523 2.5078723430633549 0.22697848037388305 0.24870756718004094 0.11208724921430678 0.010395963864432705 0.9497063508893927 0.17692779004573825 0.037468198686838157 0.15103722362634225 0.69977301051056562 0.81108658095339525 0.7900342982022962 0.23388089301123158 0.11745801568031312 0.00011592496674022375 0.040079364553093917 2.1613371156898409e-05 0.00075841901019889238 0.054501183513945485 2.5000000000000004
decision_type=2 2 2 2 8 2 2 2 10 10 10 8 10 2 10 10 8 10 8 2 2 8 10 8 2 8 2 2 8 2
left_child=1 5 12 6 9 14 7 8 13 20 29 -9 16 -2 15 25 -3 18 -7 -5 21 -4 -15 -19 -11 26 -1 -20 -22 -6
right_child=3 2 4 19 10 17 -8 11 -10 24 -12 -13 -14 22 -16 -17 -18 23 27 -21 28 -23 -24 -25 -26 -27 -28 -29 -30 -31
leaf_value=-0.084116527253200221 0.0030900481118567623 0.033209275098596884 -0.073631020000794009 0.085537682379722368 0.038251858658562288 0.028894530355912523 -0.070942122849519104 -0.058856708149984553 0.064138503966424051 -0.0040018634102236047 -0.015765263616662941 0.072134427261451195 0.010447981631971547 -0.075971566678240593 -0.0033359321640252836 0.041708399886627785 -0.078368064424231332 0.031327161762077865 -0.022318128323145114 -0.048961389698975816 0.036354582580193168 0.041910201396963644 0.03442448240107266 -0.06639197041077971 0.064918424431301247 -0.090883463015640084 0.0015879524150889783 -0.076049713571482908 -0.084715141804514144 0.071076996819921259
leaf_weight=13.524130512872945 15.934364407279643 2.3939044009312056 2.9819515204289928 206.36931453643774 44.59633722534636 4.714989872998558 6.9541355895635197 1.5520563688187392 22.916724820097443 7.6748344699080899 8.7968672230927023 46.43665633778437 5.8285406699578735 14.491839689580958 5.5345135180687057 1.5417525073280547 43.143396635816316 9.5613855532137659 10.30601424105407 1.0572660458565213 0.67790966387838125 5.1862537339329737 1.6970273883198377 2.1242533788317806 7.4874358023516834 182.348383671786 7.8454068395076311 23.84988435710693 12.817357879190237 29.65410322129901
leaf_count=11055 13044 702 1301 21723 20303 4884 4817 651 3774 2637 5747 13964 3752 15722 5782 493 39611 2623 7580 667 16 5532 571 2206 2485 177043 3414 18721 13887 6631
internal_value=0 -0.0455949 -0.000691338 0.0654714 0.0259885 -0.0748822 0.0289193 0.0363248 0.00905096 -0.0164489 0.0448378 0.0666809 -0.062357 -0.0308475 -0.0839815 -0.086105 -0.0718074 -0.0359526 -0.0495856 0.0845965 -0.0502336 -0.00315525 -0.0627787 0.00933598 0.0316339 -0.0872958 -0.0537639 -0.0610753 -0.0762 0.0521983
internal_weight=0 432.59 171.239 317.409 119.873 261.351 109.983 103.029 55.04 36.8257 83.0473 47.9887 51.3658 32.1232 210.794 205.26 45.5373 50.5565 38.8709 207.427 21.6635 8.16821 16.1889 11.6856 15.1623 203.718 21.3695 34.1559 13.4953 74.2504
internal_count=411338 336405 102604 74933 58539 233801 52543 47726 33111 25858 32681 14615 44065 29337 197787 192005 40313 36014 31185 22390 20736 6833 16293 4829 5122 191512 14469 26301 13903 26934
is_linear=0
shrinkage=0.05


Tree=1
num_leaves=31
num_cat=0
split_feature=2 7 4 7 8 2 7 2 8 3 11 1 1 7 10 10 2 2 10 2 3 4 7 3 12 7 11 12 10 4
split_gain=708.423 274.549 139.88 111.948 93.419 52.9718 49.964 48.1243 70.6803 48.5722 47.2141 64.8379 46.408 77.6854 44.962 42.4842 38.978 37.6644 27.7851 27.0162 26.1371 26.5388 25.4803 23.663 19.7068 19.2536 18.9642 21.3549 18.0976 19.898
threshold=0.75226083480316219 0.19171595361002167 2.5801541805267338 8.7900671226532918e-06 1.5000000000000002 0.64132772056497067 0.0013097569057337205 0.3883726985417742 2.5000000000000004 0.12733355888152256 0.54111077293090892 0.012249741116154313 0.00049150353859983814 0.66572008036173735 0.49256393313407904 2.1918976381421094 0.029175952103316857 0.43036487150056885 2.1022825698935796 0.77682320388644654 0.15785914744337967 1.5818002223968508 0.11744111887842207 0.18790876356359179 0.12609028327465913 0.67051726419244617 0.22679098789098109 0.082476637912205372 1.0829490759755782 0.81623339653015148
decision_type=10 2 8 2 2 10 2 10 2 8 10 10 10 2 2 2 10 10 2 10 10 8 2 10 2 2 10 2 2 10
left_child=1 2 4 -4 -1 10 -6 8 9 -3 11 -5 20 16 -15 19 24 23 -9 -2 21 28 -12 -8 -14 -16 27 -10 29 -11
right_child=15 7 3 5 6 -7 17 18 26 12 22 -13 13 14 25 -17 -18 -19 -20 -21 -22 -23 -24 -25 -26 -27 -28 -29 -30 -31
leaf_value=-0.054517512217399179 0.053449708359106278 -0.091253342669546822 -0.074498592279664461 -0.015141433912971864 0.047698270662094332 0.017771012002822641 -0.048565782026108319 -0.01399564721027661 0.071200085677863914 -0.034382901621467461 -0.065711694954876887 -0.077396164660077607 -0.02799731580229466 -0.012178989669632295 0.05618088709994587 0.082409218550533681 0.011964725034767395 0.051043232807454444 0.049634910434608957 -0.023445096192980047 -0.035205479369930848 0.047072103879789606 -0.027404281986879643 0.034941122303842539 -0.084515984419111914 0.01701479847317584 0.062725751042571803 -0.081664713579002013 -0.083980745893992459 0.069037024362547342
leaf_weight=45.76468247466255 41.589173523127101 10.467954434221609 163.13118264067452 354.34822555235587 99.587456965236925 56.528497102786787 38.589101577061228 206.71846908098087 2.9870991706848136 8.9086475393269264 128.67628555290867 46.646341259940527 31.419296103063971 75.997352375183254 61.422650470747612 233.12348975334316 28.057047866052017 18.493945988244377 17.697499678935856 14.84703314967919 12.003652031882664 137.27869425801327 69.415200329269283 9.9453472776804102 33.175313967978582 66.611176622798666 92.255543629056774 4.380287200328894 5.2953944627661249 7.7867294567404306
leaf_count=42598 2906 1515 146934 98079 17232 6420 2226 2535 1 729 32628 13757 5364 9203 1449 1671 931 237 148 2909 896 5281 3316 213 5480 5207 878 196 251 143
internal_value=0 -0.0110695 -0.0281275 -0.0374985 0.00798177 -0.028185 0.0254012 0.0108508 0.018474 0.0104255 -0.0325521 -0.0225703 0.0129005 0.000894396 0.0181416 0.0729584 -0.0368211 -0.00786729 -0.00875761 0.0330775 0.0335427 0.0389425 -0.0525182 -0.0309932 -0.057947 0.0361328 0.0565878 -0.0179862 -0.0114294 0.0147452
internal_weight=0 1833.59 1031.13 818.746 212.381 655.615 166.616 802.463 578.047 478.424 599.086 400.995 467.956 296.683 204.031 289.56 92.6517 67.0284 224.416 56.4362 171.273 159.269 198.091 48.5344 64.5946 128.034 99.6229 7.36739 21.9908 16.6954
internal_count=411333 403847 363640 301134 62506 154200 19908 40207 37524 36449 147780 111836 34934 27634 15859 7486 11775 2676 2683 5815 7300 6404 35944 2439 10844 6656 1075 197 1123 872
is_linear=0
shrinkage=0.05


Tree=2
num_leaves=31
num_cat=0
split_feature=7 5 5 2 7 7 7 0 8 10 1 7 4 8 2 2 2 11 5 0 2 7 7 4 10 10 7 1 2 11
split_gain=1002.36 249.257 225.252 183.125 82.2024 78.802 35.3446 35.3254 30.4708 30.3088 28.5904 46.1538 26.6247 25.9425 24.0994 21.8655 20.0762 16.3461 15.5351 19.8835 22.6089 23.8275 15.295 22.5053 15.0616 20.1054 16.559 14.9534 13.9409 16.7829
threshold=0.048773835239250919 0.028060238808393482 0.20048680156469348 0.63409368635039731 3.9772977164844611e-06 8.7900671226532918e-06 0.24254875469277637 0.87747504748659189 2.5000000000000004 0.11703031896006996 0.20080828292467331 0.42921034853130818 0.25408892333507543 1.5000000000000002 0.066112567984523779 0.22169066880444008 0.55002724038973239 1.0830077528953554 0.082760516554117217 0.95667741768815096 0.1424578556355727 0.0062074965418253336 0.0002427561840300453 0.2700162678956986 1.1084099755106531 0.013151407020426656 5.3466911803261185e-06 0.00049150353859983814 0.76420895633578545 0.12579102384908422
decision_type=2 10 8 10 2 2 2 10 2 2 10 2 10 2 8 10 10 10 10 8 10 2 2 8 2 2 2 8 10 10
left_child=2 3 4 9 15 -4 17 14 22 27 11 13 28 -11 -7 -1 -9 -3 19 -14 21 -21 23 -6 25 -25 -27 -2 29 -10
right_child=1 6 5 -5 8 7 -8 16 12 10 -12 -13 18 -15 -16 -17 -18 -19 -20 20 -22 -23 -24 24 -26 26 -28 -29 -30 -31
leaf_value=-0.071027099226835533 0.013227659141862969 0.03627841152508688 -0.078375992519865711 0.054605809957387341 0.02938853336105314 -0.017138739557098975 0.068495126944943294 0.045011504969022349 0.051741796751392226 -0.082195472461196198 -0.011720286862458034 0.040142108980036152 -0.080057896634617487 -0.00032297413018901426 -0.055891657098320682 0.01859771939538268 -0.023089332225197046 -0.071757127745442975 0.0565729508665965 -0.08723277943127529 0.055128550115737453 0.052214862271787427 0.003311086012594543 0.033242003542796182 -0.0035627705430157997 0.015747497638512242 -0.072497837545093258 -0.047359619434259412 0.028433834767879019 -0.021988992698750792
leaf_weight=53.171855085063726 11.925359245855361 81.621268525486812 220.03999902564101 183.04919664887711 14.460997417569159 49.636269663693383 371.087046131026 11.304863694123922 7.8248068941757074 10.636131854495032 203.44390868314076 89.082146905595437 4.0625201449729502 58.216780564980581 247.81742033472983 7.2680559121072283 89.948743163025938 2.7208858157973728 46.454634771915153 6.3842917755246145 21.521646968554705 4.3244191776029766 82.776156822568737 5.5588172578718504 24.062373764696531 5.596062737517058 42.107426966540515 53.233646474545822 27.793926324229687 60.974721216945909
leaf_count=32313 1169 3612 141448 2290 669 11261 3055 1286 333 5680 17142 4811 472 6363 109696 1322 7715 402 1429 583 306 106 13040 1590 2759 1714 15649 14680 917 7309
internal_value=0 0.0338724 -0.0352216 0.0129171 -0.00665078 -0.0543044 0.0618201 -0.0408443 0.00259663 -0.00504781 0.000632993 0.0165509 0.0170365 -0.0140375 -0.0495208 -0.0600408 -0.0150712 0.0319346 0.0376704 0.012473 0.0263448 -0.0308436 -0.0122226 -0.0261701 -0.0368669 -0.0514776 -0.0619324 -0.0361631 -0.000793379 -0.0129106
internal_weight=0 1065.02 1033.09 609.587 414.343 618.747 455.429 398.707 353.903 426.538 361.379 157.935 179.341 68.8529 297.454 60.4399 101.254 84.3422 82.7475 36.2929 32.2304 10.7087 174.562 91.7857 77.3247 53.2623 47.7035 65.159 96.5935 68.7995
internal_count=411121 59204 351917 52135 80511 271406 7069 129958 46876 49845 33996 16854 11455 12043 120957 33635 9001 4014 2896 1467 995 689 35421 22381 21712 18953 17363 15849 8559 7642
is_linear=0
shrinkage=0.05


Tree=3
num_leaves=31
num_cat=0
split_feature=8 8 1 1 5 5 2 2 8 0 11 3 0 11 10 2 5 10 2 10 0 0 4 0 5 4 3 2 2 11
split_gain=774.684 182.526 127.006 104.772 100.336 54.7531 46.5561 40.9735 30.5598 30.4554 26.7496 25.4519 24.664 22.5373 22.4362 21.5808 20.0336 18.2866 21.5163 18.065 18.1714 22.6981 16.7597 15.2224 13.5199 12.6224 12.3921 12.7557 12.212 16.235
threshold=2.5000000000000004 1.5000000000000002 0.59998787299507239 0.11696837232122854 0.036952054128050811 0.1189003922045231 0.35548031509494005 0.23417400409268443 3.5000000000000004 0.99540748801793788 0.48596105635028902 0.14626142618236779 0.79429181332272514 0.013151407020426656 0.088865915930584086 0.16789091288207705 0.26851382851600653 0.73555964390492556 0.0097527601162471275 0.15654583546661185 0.8810534698647704 0.86342462647813822 0.19518002122640613 0.9497063508893927 0.012626903597265484 0.28870593011379247 0.22126777979956269 0.028881520156911571 0.028975300520498761 0.017888663030433943
decision_type=2 2 10 10 10 10 8 10 2 8 10 8 10 8 2 8 10 2 10 2 10 10 8 10 8 10 10 8 10 10
left_child=1 3 8 4 7 6 12 13 9 15 -7 -8 28 -1 -13 -2 -10 18 -11 -16 21 22 -21 26 -24 -20 27 -15 29 -3
right_child=2 5 -4 -5 -6 10 11 -9 16 17 -12 14 -14 23 19 -17 -18 -19 25 20 -22 -23 24 -25 -26 -27 -28 -29 -30 -31
leaf_value=-0.026734615129457504 -0.062376089943742385 0.047977507144625703 0.065432973594501356 -0.0020017320320050297 -0.0081396049571947765 0.057727847681373623 -0.065315122423183464 0.0073399585146911349 0.049083952732835751 0.039607516555305207 0.0011653787794363595 0.061851240773432681 -0.060313356749299607 -0.022362066129097163 -0.083466685623498862 0.0047675314068995368 -0.067960845343391557 0.040070528966646986 -0.087195650310497627 0.049156356419730735 -0.02096930649577073 0.040478463883829641 -0.079110152043580836 0.018476353652474988 0.00098304716037301535 0.016931250945868635 -0.021801326107338273 -0.068225517089225335 0.00044000854956423763 -0.070898485142742509
leaf_weight=49.721693729516119 12.123373774345962 2.7807570155710009 338.32479942170903 177.79111373366322 140.38705970020965 55.628041277639568 12.196722789900376 23.781929131597281 109.85360597865656 10.905297898105347 33.488738158484921 15.774372807238249 48.535596444737166 17.417894561775029 4.9893295255023977 134.56554691144265 2.9053903159219763 110.8634051468689 7.8258773381821793 17.042875915765762 58.47636583307758 47.723568621790037 4.4028252037242055 5.1231856993399552 209.31090684887022 3.811226683203131 17.962371761910617 374.44746419740841 46.623961192090064 13.479656938463448
leaf_count=15287 5731 155 1552 18861 34217 2706 4583 3991 4107 577 7682 307 24232 4576 647 13587 865 4282 1310 739 9312 1823 1562 489 28871 107 7094 201503 6770 3409
internal_value=0 -0.0206451 0.0429982 -0.0359385 -0.045507 0.000996226 -0.00568049 -0.056198 0.0235476 0.0145808 0.0367768 0.00286314 -0.0338632 -0.0594694 0.00537726 -0.0011326 0.0454533 0.0317758 -0.00877475 0.00258471 0.00411688 0.00945865 0.00287478 -0.0633061 -0.00100447 -0.0540565 -0.0643831 -0.0662618 -0.0127455 -0.0486775
internal_weight=0 1377.09 731.179 806.633 628.842 570.454 481.337 488.455 392.854 280.095 89.1168 369.917 111.42 464.673 357.72 146.689 112.759 133.406 22.5424 341.946 336.957 278.48 230.757 414.951 213.714 11.6371 409.828 391.865 62.8844 16.2604
internal_count=410934 378816 32118 286018 267157 92798 82410 232940 30566 25594 10388 47844 34566 228949 43261 19318 4972 6276 1994 42954 42307 32995 31172 213662 30433 1417 213173 206079 10334 3564
is_linear=0
shrinkage=0.05


Tree=4
num_leaves=31
num_cat=0
split_feature=7 8 8 7 5 0 5 7 0 7 5 4 10 10 5 4 5 7 7 0 7 5 3 10 11 5 5 10 10 4
split_gain=978.1 245.135 191.97 107.014 62.1213 70.244 52.5574 47.2722 40.9518 35.4459 33.7737 27.6672 24.0352 20.8012 19.4002 18.8948 20.4554 17.0071 16.6816 16.1415 13.2635 17.0668 12.9605 12.9128 15.2665 12.7424 12.4822 16.2581 25.3217 12.0669
threshold=0.12342965669001811 2.5000000000000004 1.5000000000000002 1.0709754874203053e-05 0.13810960948467257 0.82167470922204089 0.033165786415338523 0.24254875469277637 0.99540748801793788 0.51191183585649014 0.078635562211275115 0.6694345772266389 1.6166951709721789 1.6570072269763481 0.011537731625139715 0.74923214316368114 0.040079364553093917 8.7900671226532918e-06 0.7562127313310868 0.79568990678902807 0.0035025314715383762 0.042298568412661559 0.22126777979956269 0.29813648760318762 0.51652619242668163 0.063486095517873778 0.13462086766958239 0.040284757423417313 0.034736113735032541 5.293943166732789
decision_type=2 2 2 2 8 10 10 2 8 2 10 8 2 2 8 8 10 2 2 10 2 10 10 2 10 10 10 2 2 10
left_child=1 3 6 14 15 22 9 23 11 -2 13 12 -3 25 -1 16 -5 -13 -11 -19 26 -22 -6 -4 -25 -9 27 28 -17 -10
right_child=2 8 7 4 5 -7 -8 10 29 18 -12 17 -14 -15 -16 20 -18 19 -20 -21 21 -23 -24 24 -26 -27 -28 -29 -30 -31
leaf_value=0.00096967693418662827 -0.043492081833653745 -0.05103842857278628 -0.072617183036652891 -0.009144327998271853 -0.05797306473900548 -0.0068828340610891728 0.046342346515147181 0.034437080318190344 0.035141651624707414 0.0079646686873042286 0.071003187441971025 -0.053509456364664809 0.05588107156091128 0.05747910091860825 -0.070444720951565828 -0.033916858521253659 0.063578949868306825 -0.08003046329281889 -0.050143903888555358 -0.0021195149047065855 -0.047670466487085027 0.029790883947037407 -0.0031750917565412404 0.03918843264342893 -0.011808114694209367 -0.069701956459822675 0.049377859702647381 -0.044259437457560773 0.061459448106543926 -0.061046521126168297
leaf_weight=9.6609395672567171 47.184760611504316 5.6803442290984121 3.3572472892701617 19.392393670044839 252.13117392815184 103.44842887890991 61.398162894882262 153.87356964824721 114.03535768087022 189.86806426662952 256.6763909929432 24.276420849142596 25.403533523436636 200.49580072658136 289.68525262060575 17.281751800095666 17.672047332860529 6.1571679655462495 12.19710884336382 96.886424693395384 8.4163925859611464 28.070487225195393 11.597729632630942 31.954937008209527 25.592838779091835 2.0643098866567007 4.4644003678113213 56.06045481050387 10.231095151742919 2.4392331228591493
leaf_count=3438 16584 932 735 1926 111623 17853 1542 6121 4796 14353 1612 9286 505 1487 171276 5917 389 1764 4810 9213 1768 2128 2960 1128 2374 182 223 12431 907 996
internal_value=0 -0.0306696 0.0378557 -0.0442379 -0.0306009 -0.0419463 0.00529273 0.0528262 0.0102012 -0.00494389 0.056997 -0.00632536 0.0352047 0.0467264 -0.0681277 -0.00469048 0.0261576 -0.0166988 0.00420282 -0.00754744 -0.0140474 0.0109946 -0.0556033 0.0105166 0.0166094 0.0325913 -0.024489 -0.0290312 0.00228659 0.0325822
internal_weight=0 1102.99 984.663 828.113 528.766 367.177 310.648 674.015 274.878 249.25 613.11 158.404 31.0839 356.434 299.346 161.589 37.0644 127.32 202.065 103.044 124.525 36.4869 263.729 60.905 57.5478 155.938 88.0377 83.5733 27.5128 116.475
internal_count=411259 360331 50928 332839 158125 132436 37289 13639 27492 35747 9402 21700 1437 7790 174714 25689 2315 20263 19163 10977 23374 3896 114583 4237 3502 6303 19478 19255 6824 5792
is_linear=0
shrinkage=0.05


Tree=5
num_leaves=31
num_cat=0
split_feature=7 8 5 2 4 7 7 5 5 2 2 4 2 5 3 7 7 4 1 5 0 5 2 3 5 7 11 11 10 4
split_gain=862.455 247.593 170.732 112.554 72.1045 50.6622 48.8457 32.5473 32.075 24.495 22.3124 21.1307 23.9529 19.2193 20.9037 18.3282 18.8416 26.6118 21.0549 16.47 15.8449 15.0988 14.5412 14.4802 18.3991 16.6382 14.1598 13.8146 12.2111 25.3738
threshold=0.12342965669001811 1.5000000000000002 0.029407846741378311 0.63409368635039731 2.2488238811492924 8.7900671226532918e-06 0.00022952247579252817 0.14358079433441165 0.11745801568031312 0.64688213312965892 0.38955366957072374 0.6694345772266389 0.34076013758758567 0.037468198686838157 0.28373587234948905 0.7562127313310868 0.48211645163134681 0.81623339653015148 0.0058687818685653785 0.06422037631273271 0.79982310145097324 0.008403064217418434 0.63760249988216067 0.068225990935010597 0.14358079433441165 6.536151241081575e-05 0.040284757423417313 0.10309283515893369 2.5233006291091447 1.0701028108596804
decision_type=2 2 10 10 8 2 2 10 8 10 8 10 8 10 10 2 2 10 10 10 10 8 10 8 8 2 10 10 2 10
left_child=1 6 3 10 7 21 -1 11 -8 23 -2 19 -13 14 -14 16 18 -18 -12 -3 28 -6 -4 -7 25 -25 -26 -27 29 -15
right_child=2 4 22 -5 5 9 8 -9 -10 -11 15 12 13 20 -16 -17 17 -19 -20 -21 -22 -23 -24 24 26 27 -28 -29 -30 -31
leaf_value=-0.069083563567058345 0.024769962704982284 0.0098859965988644626 0.049241361922036354 0.051196077336987646 0.050950872500433037 0.057076391138160744 0.00068040336782789021 0.062918590504033783 -0.048928295342451571 0.0062387890272923782 -0.0070528859687365737 -0.087085641214267817 -0.082588044303908537 0.043806876635150795 0.046503035078338611 -0.063989579841510227 -0.00045250966927262205 0.06348092928350027 -0.061036926571407024 0.058490387135994241 -0.077396911277606437 -0.063093551588235638 0.068862114678919062 -0.062138830145682646 0.063394655278152162 -0.057095659316019204 -0.040440028349693818 0.012353938771659249 0.071753995118236644 -0.040415025098741147
leaf_weight=323.22289546160027 72.203053933102638 72.521989924600348 250.30102535383776 150.48496610345319 2.2611993262544274 4.5091071464121342 45.432805771473795 29.505751383956522 112.22207556175999 107.95059911883436 65.54182193800807 8.710732964333145 11.113836915697901 19.863273852039129 3.445683514699339 12.056881870375944 179.09360986412503 16.886201013345271 24.25022050156258 22.349649432115257 3.4006641558371475 71.429100041277707 177.89619846828282 10.196941215079276 2.4803104763850561 7.1577777115162453 115.47575148334727 57.241401258390397 8.721491873264311 14.644374283030627
leaf_count=192555 4633 7736 4913 1534 315 227 7457 654 49266 9098 9839 1360 3761 1167 151 5060 14266 303 9707 413 435 37699 587 3107 72 1447 35257 5513 40 2829
internal_value=0 -0.0314939 0.0341894 0.0148923 -0.00925113 -0.0219413 -0.0579123 0.0154457 -0.0346864 -0.0128345 1.66114e-05 0.00658633 -0.0141148 -0.0024132 -0.0506905 -0.00603046 -0.00335308 0.00532511 -0.0221992 0.0218789 0.0133035 -0.0588918 0.057546 -0.0232869 -0.0254798 -0.00584723 -0.0377001 0.00380337 0.0221402 0.00779232
internal_weight=0 1053.86 948.714 520.517 572.98 378.702 480.878 194.277 157.655 305.012 370.032 164.772 69.9001 61.1893 14.5595 297.829 285.772 195.98 89.792 94.8716 46.6298 73.6903 428.197 197.061 192.552 74.5961 117.956 64.3992 43.2291 34.5076
internal_count=411401 360559 50842 45342 111281 92735 249278 18546 56723 54721 43808 17892 9743 8383 3912 39175 34115 14569 19546 8149 4471 38014 5500 45623 45396 10067 35329 6960 4036 3996
is_linear=0
shrinkage=0.05


Tree=6
num_leaves=31
num_cat=0
split_feature=7 8 8 5 10 7 5 5 7 7 10 5 2 11 2 10 11 5 12 7 8 7 3 5 5 10 1 7 5 10
split_gain=706.121 294.979 190.056 78.2963 60.2795 38.495 33.6268 28.8546 32.6979 28.5046 24.809 23.0076 22.9711 22.8685 20.6636 16.9305 16.674 16.4702 15.5657 14.8313 14.0831 11.4243 11.4736 11.0982 10.6308 10.0548 9.80731 9.72334 11.2512 9.43908
threshold=0.048773835239250919 1.5000000000000002 1.5000000000000002 0.18734088540077212 1.6570072269763481 7.283314618555677e-06 0.01718152686953545 0.021973500028252605 0.51191183585649014 0.00034122003266939154 1.4202897013400402 0.011537731625139715 0.23843906912117172 0.35358044084522217 0.24169513323457625 3.446982473134995 0.53511152335194689 0.11745801568031312 0.86247241667275654 0.79093064821214387 2.5000000000000004 0.012633978258917775 0.34211449009940736 0.032251168042421348 0.072276912629604353 1.0748718033462679 0.11742731389744639 0.0010621676967949977 0.016464603133499626 1.4988673784820143
decision_type=2 2 2 8 2 2 10 10 2 2 2 10 10 10 10 2 10 8 2 2 2 2 8 10 10 2 10 2 10 2
left_child=1 9 7 5 6 11 18 8 -2 -1 13 -3 -13 21 19 -12 -8 24 29 25 23 22 -5 -7 27 26 -10 -11 -29 -4
right_child=2 3 4 10 -6 20 16 -9 14 17 15 12 -14 -15 -16 -17 -18 -19 -20 -21 -22 -23 -24 -25 -26 -27 -28 28 -30 -31
leaf_value=-0.065502195386878501 -0.04521964115821589 0.038124954146519958 0.0047615442322392291 0.0050087484738263934 0.059044976229806534 -0.02705414871729166 0.046560745595140049 0.029413079054466131 -0.035259770481911694 0.011675331352670723 -0.002112319334455286 -0.059464489150655921 0.02588581970112518 -0.057348462730735343 0.061682249672241396 -0.05192171894890292 -0.069172309158920517 -0.047954819616998455 0.035904846142912721 -0.070079642837720932 0.028099167499665647 0.051335983327764734 -0.072371646396101288 0.013833689338332553 0.026117841765375793 0.055372105576520891 0.00062949936001730519 0.019148295765857849 -0.080115736704966273 -0.073209660841609611
leaf_weight=330.70520725939423 50.94140617037192 10.580096965655683 105.2814086379949 13.375502895331008 373.64118785853498 21.259706429904327 171.47374808299355 56.195624309359118 20.931766349822283 8.4892513705417532 102.72310007573105 34.926815161248669 9.3829854528885317 77.222893586615101 11.519193993881343 19.541533132549375 2.2883696616627267 93.386440467787907 48.079812319017947 7.2928773961029938 182.19574269233271 6.2024508649483314 6.2764548358973178 64.020595275331289 13.472998448181896 6.4155662031844249 142.06358143454418 3.3476330377161494 9.6247123642824572 3.0259156236425033
leaf_count=197882 19621 1574 9614 2842 3316 3465 3533 2035 4279 1437 15895 15584 900 37363 113 9045 274 41690 1045 3555 9978 257 2572 7222 1249 127 10980 693 2649 540
internal_value=0 -0.0281478 0.0311545 -0.00333998 0.0452649 0.0124435 0.0295232 -0.00249041 -0.0100987 -0.057666 -0.0258965 -0.0253374 -0.0411081 -0.0438695 -0.00037831 -0.0104705 0.0446209 -0.0370817 0.0125393 -0.00477647 0.0202808 -0.00278766 -0.0217706 0.0033873 -0.00735122 -0.00154119 -0.00413579 -0.0288121 -0.0546048 0.00188759
internal_weight=0 1006.73 999.15 547.708 703.79 322.366 330.149 295.36 239.164 459.026 225.342 54.8899 44.3098 103.077 188.223 122.265 173.762 128.321 156.387 176.704 267.476 25.8544 19.652 85.2803 34.9346 169.411 162.995 21.4616 12.9723 108.307
internal_count=411329 352297 59032 106697 18322 38723 15006 40710 38675 245600 67974 18058 16484 43034 19054 24940 3807 47718 11199 18941 20665 5671 5414 10687 6028 15386 15259 4779 3342 10154
is_linear=0
shrinkage=0.05


Tree=7
num_leaves=31
num_cat=0
split_feature=7 8 8 4 5 7 5 7 1 5 7 2 2 7 2 2 2 2 2 1 2 7 3 12 10 5 7 5 7 4
split_gain=726.227 217.402 150.614 57.3613 56.7938 61.4899 42.7176 41.3821 33.3351 25.5001 25.2034 23.613 22.366 14.6595 21.0353 14.229 13.2511 15.3273 15.7756 13.5841 12.7117 12.6524 12.5073 10.6453 12.6554 13.7395 10.6233 10.5841 12.7842 10.0543
threshold=0.20226948013806056 1.5000000000000002 1.5000000000000002 3.3043805360794072 0.12359787523746492 0.0038913666762475136 0.066588085144758238 8.7900671226532918e-06 0.59998787299507239 0.036952054128050811 0.021781685308101484 0.76653934412204594 0.63211003165324131 0.00011592496674022375 0.64551943104369747 0.028881520156911571 0.72875298007033185 0.64337928725900906 0.59055951437417209 0.012249741116154313 0.23441386592113003 0.67051726419244617 0.057480309333375577 0.95371012569681013 2.5233006291091447 0.0384745690971613 0.66572008036173735 0.087995186448097243 0.36742564263035471 0.7008609175682069
decision_type=2 2 2 8 8 2 10 2 8 10 2 10 10 2 10 8 10 10 10 10 8 2 8 2 2 8 2 10 2 10
left_child=1 4 8 6 5 -1 10 -5 26 12 20 13 15 14 22 -4 17 18 19 -15 -3 -17 -9 -22 -25 -26 -2 28 -10 -8
right_child=2 3 9 7 -6 -7 29 11 27 -11 -12 -13 -14 16 -16 21 -18 -19 -20 -21 23 -23 -24 24 25 -27 -28 -29 -30 -31
leaf_value=-0.047519287594019417 -0.040870783714173235 -0.07867357649615267 -0.072907393734648093 -0.052783058428329435 -0.059854610708608917 0.029610094185439646 0.0578311188575555 0.048803184521523428 -0.042233926735150196 0.058108842888796114 0.037677118020552347 0.028514727266136138 0.04770829175901381 0.0010977735918609034 -0.0064937815882901585 0.024853248087333371 -0.039274175103229433 0.048743025991558261 -0.054950441877161631 -0.059054619249718721 -0.0013327613034881977 -0.067256820782086932 -0.065429388470372371 -0.064105314575183633 0.065174310155659027 -0.059345295883435581 -0.0074072150806123831 0.048200107675947422 0.017512015454010953 0.024665146172528716
leaf_weight=67.515088179847226 33.725283771986142 7.0280241123400629 3.212338478770107 67.877255154773593 382.51078070537187 40.555790653917938 39.098512526135892 1.8045959975570438 8.875217072432859 335.11825575819239 24.667203009128571 34.399539832025766 173.68198904301971 157.38393873779569 38.048107322538272 89.479213451966643 28.510230175452307 12.210699163842945 14.697687464300541 8.9710798042360675 62.191728040808812 2.9185161101631811 36.886612243251875 16.01170756411739 4.2316186521202326 2.8494247368071219 78.346953675616533 24.699765410274267 95.719717109808698 61.929190387949347
leaf_count=32371 9120 1661 594 36278 222047 3076 506 31 1979 2626 831 1829 1742 25496 4250 4085 3158 470 2990 2958 8557 707 15109 4309 63 1161 10287 495 7250 5471
internal_value=0 -0.0259913 0.0354836 -0.00625209 -0.050816 -0.018523 0.0143344 -0.0174702 0.00205651 0.0487988 -0.00620247 -0.0101188 0.0370223 -0.0146679 -0.0333884 0.0172657 -0.00804684 -0.00323599 -0.00701755 -0.00244969 -0.0182594 0.0212013 -0.0588802 -0.0123688 -0.0405939 0.0133054 -0.0177938 0.0193056 0.0120431 0.0379907
internal_weight=0 1109.38 845.777 618.797 490.582 108.071 218.007 400.79 241.367 604.41 116.98 332.912 269.292 298.513 76.7393 95.6101 221.774 193.263 181.053 166.355 92.3125 92.3977 38.6912 85.2845 23.0928 7.08104 112.072 129.295 104.595 101.028
internal_count=411507 372622 38885 115128 257494 35447 22559 92569 29131 9754 16582 56291 7128 54462 19390 5386 35072 31914 31444 28454 15751 4792 15140 14090 5533 1224 19407 9724 9229 5977
is_linear=0
shrinkage=0.05


Tree=8
num_leaves=31
num_cat=0
split_feature=8 8 2 1 5 0 2 5 0 10 2 12 2 0 8 0 0 2 5 12 1 1 2 10 0 11 2 5 5 1
split_gain=539.633 136.095 82.5084 65.597 92.9522 45.6096 35.1467 29.5814 23.5536 22.3897 19.8203 17.3332 16.0766 15.9812 15.5547 13.9433 21.8537 14.5921 16.8516 13.9218 13.3031 13.2799 13.0233 11.9415 9.81002 10.2046 9.23972 9.15704 11.5226 12.6325
threshold=2.5000000000000004 1.5000000000000002 0.99151512772055317 0.11696837232122854 0.033165786415338523 0.85598505166155781 0.23417400409268443 0.084687955677509322 0.86342462647813822 1.6463123677278222 0.35548031509494005 0.85651729847699065 0.42798758378293283 0.9409023250257541 3.5000000000000004 0.86488022730935843 0.99540748801793788 0.23417400409268443 0.028060238808393482 0.97100741396415113 0.011847459403319422 0.32517725760399002 0.9526738682622593 1.6570072269763481 0.9497063508893927 0.013151407020426656 0.57855396385747404 0.073110371828079238 0.040079364553093917 0.17242929650908026
decision_type=2 2 10 10 10 8 10 10 8 2 8 2 10 8 2 8 8 10 10 2 8 10 8 2 10 8 10 10 10 10
left_child=1 3 8 4 6 12 24 10 14 -9 11 -7 -3 26 -2 -10 19 18 20 23 -18 27 -21 -17 25 -1 -12 28 29 -15
right_child=2 5 -4 -5 -6 7 -8 9 15 -11 13 -13 -14 21 -16 16 17 -19 -20 22 -22 -23 -24 -25 -26 -27 -28 -29 -30 -31
leaf_value=-0.030024001643236528 -0.011701966018417373 -0.04951076478261085 0.057513455567541574 -0.0038894244540804757 -0.0053042691531481117 -0.0089191362988804024 0.011649396674138099 0.044088035015697517 0.055089455494147101 -0.0033414338365726562 -0.024234126453366492 -0.068565544604455173 -0.0079937846342144261 -0.011798367978789111 0.025990595925409594 -0.034894204858414178 0.038525080244515231 0.046519849512641015 0.025734521742700408 -0.078953683543390635 -0.081817166049575757 -0.078588915016694336 0.022249772198321666 0.021683396175684252 0.028757747080333008 -0.058848736393239058 0.032982826146523446 -0.069149914310028357 0.024525565302162128 0.028111215403167567
leaf_weight=37.95404492598027 70.181792277260683 50.278988526435569 277.42110709473491 155.81124123581685 140.57972688693553 45.022513375617564 19.997589358827099 78.997519674012437 45.279725718311965 35.647400080226362 7.1392831942066541 16.0305940953549 44.198712343117222 111.22792173991911 43.434073395561427 10.386897174408658 2.6312221931293607 102.67960512754507 76.893312865868211 8.0858823896851373 6.0103214681148511 4.4367120563983908 4.2314483160153022 50.70472152903676 2.7824914390221229 361.21229504607618 60.562237484846264 3.5714509189128867 43.678290117997676 23.059416176052764
leaf_count=15285 11691 23614 1208 18902 35968 7755 3985 4227 439 7588 1776 9923 7359 21657 2761 3579 62 2315 3648 2228 1137 743 440 2484 479 211413 2205 1029 3897 819
internal_value=0 -0.0185481 0.036364 -0.0326659 -0.0406066 0.000826855 -0.0523161 0.00777034 0.0222963 0.0293958 -0.000159416 -0.0255135 -0.0304277 0.00599925 0.0027649 0.0294781 0.0248335 0.033819 0.0181531 0.00158357 -0.0444609 -0.00157983 -0.0447511 0.0115764 -0.0555319 -0.0562024 0.0266115 0.000695081 0.00250324 -0.00475112
internal_weight=0 1242.19 697.94 718.337 562.526 523.851 421.946 429.373 420.519 114.645 314.728 61.0531 94.4777 253.675 113.616 306.903 261.623 188.214 85.5349 73.4089 8.64154 185.974 12.3173 61.0916 401.949 399.166 67.7015 181.537 177.966 134.287
internal_count=410616 378624 31992 286032 267130 92592 231162 61619 30784 11815 49804 17678 30973 32126 14452 16332 15893 7162 4847 8731 1199 28145 2668 6063 227177 226698 3981 27402 26373 22476
is_linear=0
shrinkage=0.05


Tree=9
num_leaves=31
num_cat=0
split_feature=7 8 8 5 7 7 1 11 7 7 11 3 5 7 8 12 7 7 5 5 11 0 11 11 3 3 11 11 11 7
split_gain=640.776 194.743 121.08 56.9713 36.3581 34.4697 27.6746 24.7332 22.1922 21.2962 18.1381 16.8447 16.1955 15.7535 12.1596 13.1141 12.1266 14.1355 11.3185 10.996 14.9568 10.9095 10.5596 13.367 15.5577 11.9547 10.6466 11.0998 10.506 10.3178
threshold=0.12342965669001811 1.5000000000000002 1.5000000000000002 0.18734088540077212 0.48211645163134681 7.283314618555677e-06 0.59998787299507239 0.11995475118742793 0.67051726419244617 0.00034122003266939154 1.0830077528953554 0.23388089301123158 0.11745801568031312 1.2886764569562582e-05 3.5000000000000004 0.17750153119995207 4.6942771360564681e-05 0.00011592496674022375 0.053798304870724685 0.028060238808393482 0.73556581445773528 0.8204570202895719 0.038452236740114276 0.71554542629168438 0.057480309333375577 0.19157720278738968 0.84033740231722509 0.88549063660583782 0.64764212552600708 6.0408075005134429e-05
decision_type=2 2 2 8 2 2 8 10 2 2 10 8 8 2 2 2 2 2 10 10 10 8 10 10 8 10 10 10 8 2
left_child=1 9 6 5 10 14 -2 -6 19 -1 18 -8 -11 -5 15 -3 21 29 -4 20 28 -7 -15 24 -24 -26 -25 -28 -9 -18
right_child=2 3 4 13 7 16 11 8 -10 12 -12 -13 -14 22 -16 -17 17 -19 -20 -21 -22 -23 23 26 25 -27 27 -29 -30 -31
leaf_value=-0.059645075255583574 -0.015825767499541191 0.012354895826724022 0.012349564308043922 -0.049008668970399079 -0.071691476604542129 -0.058903187398998608 -0.062218441982537648 0.018043830083192974 -0.070044127642592199 -0.005774765892548773 -0.07622566907103781 0.01984732575657696 -0.045817671021964962 0.049288757492608845 0.016230740873554021 -0.05664993900802974 0.0024098803802697546 0.0086449817955659737 0.040784209173716827 0.057696222332869695 0.04759476811152507 0.028562171106931405 0.055528091011243133 0.0063148336618516782 -0.046441302989196569 0.018564884367818873 -0.077823665107451256 -0.011126456902297802 -0.079896909106705383 -0.079754286179591571
leaf_weight=310.93226993805729 116.06939173210412 8.0553465066477639 88.870253022992983 59.313366293208674 3.3210669369436792 2.7469432791694999 5.5457748032640666 29.748327408684421 2.9416433549486092 35.778295090189204 3.686091781826689 146.96908249682747 90.1744043470826 4.534107382874935 10.05868226289749 33.669249293161556 6.8040202031843346 153.67122156801634 59.042540297377855 283.58247952582315 157.93996903998777 103.70566423400305 3.5840987437404692 54.108080544508994 71.428222730755806 7.1892095357179633 7.8269032966345575 23.60051174252294 2.0050639929249874 7.2413964692968875
leaf_count=198123 22738 1491 5544 30603 682 1010 2917 1635 708 6277 523 11394 44873 88 1196 15491 611 11958 1246 1591 1604 6659 72 7070 25040 709 2089 5694 88 1632
internal_value=0 -0.0275782 0.0306267 -0.00795279 0.0425767 0.00550821 0.00247347 0.0493361 0.0503391 -0.0525366 0.0209795 0.0164448 -0.0346175 -0.0268627 -0.0314994 -0.0432335 0.0126052 0.00414097 0.0239311 0.0512439 0.0413199 0.0257315 -0.0189701 -0.021126 -0.035421 -0.0402755 -0.00707987 -0.0297791 0.00945619 -0.0421045
internal_weight=0 994.422 899.722 557.537 631.137 325.953 268.584 479.539 476.217 436.885 151.599 152.515 125.953 231.585 51.7833 41.7246 274.169 167.717 147.913 473.276 189.693 106.453 172.271 167.737 82.2015 78.6174 85.5355 31.4274 31.7534 14.0454
internal_count=411356 360686 50670 111413 13621 40048 37049 6308 5626 249273 7313 14311 51150 71365 18178 16982 21870 14201 6790 4918 3327 7669 40762 40674 25821 25749 14853 7783 1723 2243
is_linear=0
shrinkage=0.05


Tree=10
num_leaves=31
num_cat=0
split_feature=7 9 9 4 2 5 7 7 5 5 7 7 7 3 5 5 5 11 0 5 4 5 5 2 2 7 5 5 7 2
split_gain=562.774 179.911 132.259 53.046 41.9262 37.4302 28.1664 27.0019 26.3049 24.9709 24.2757 23.3797 20.3891 17.2063 16.8864 21.8385 13.8132 12.9799 14.6936 11.2398 10.9644 10.9014 10.2844 10.1903 14.815 11.5963 15.1368 14.1215 9.69069 9.07949
threshold=0.11744111887842207 1.5000000000000002 1.5000000000000002 2.5801541805267338 0.63760249988216067 0.047799075022339828 0.00034122003266939154 8.7900671226532918e-06 0.033165786415338523 0.14719322323799136 0.51191183585649014 3.482037716285447e-06 0.7562127313310868 0.068225990935010597 0.037979854270815856 0.024085421115159992 0.092661783099174513 0.040284757423417313 0.87747504748659189 0.041750483214855201 0.54450479149818432 0.055177256464958198 0.008403064217418434 0.76420895633578545 0.69355560635971769 0.021781685308101484 0.036952054128050811 0.026726800017058853 0.14265851983056599 0.038263893452669888
decision_type=2 2 2 8 10 10 2 2 10 8 2 2 2 8 10 10 8 10 10 10 10 10 8 10 8 2 10 8 2 8
left_child=1 6 8 11 5 19 -1 22 10 23 -2 20 -12 -11 15 -13 21 -15 -19 29 -3 -8 -5 24 -9 26 27 -26 -7 -4
right_child=2 3 4 7 -6 28 16 9 -10 13 12 14 -14 17 -16 -17 -18 18 -20 -21 -22 -23 -24 -25 25 -27 -28 -29 -30 -31
leaf_value=-0.059881406461527002 -0.044229893427178597 0.0024870214255050573 -0.039860599443952788 0.043315219761967512 0.05325383012877654 -0.0080748861522228644 -0.030640722018308277 0.0091535970305184396 0.030053312043928922 0.052635881745720203 0.0028464284034151249 0.010533290454509965 -0.067325645412197724 0.04620391128690518 0.031318924141881962 -0.078665106806575985 -0.040875810766708792 -0.0454618942613053 -0.012342678271484777 -0.077484622415162643 -0.061217973034667784 0.025401685341033015 -0.050903707853132744 0.034813431697530157 -0.074353296188206977 0.036375431904352558 -0.083284030979976303 0.040699320059511761 0.045921771698653913 0.014606750692448853
leaf_weight=298.73080775071867 40.904751307563856 12.929099102038892 7.0632233321666718 2.2388556518126279 307.04036736721173 8.2822727558668685 16.55336344637908 73.831296476302668 49.370068272575736 5.7772755171172321 159.01858813804574 42.362262884620577 10.064376222435383 4.6047567352652541 111.97854291950352 7.1479521775618187 93.340106000425294 83.000620720209554 58.148174347355962 2.5946436561644068 12.657599826343356 16.134840304497629 66.852697384310886 21.715537038631737 3.1595319714397192 4.0505439445842049 12.180671534733845 6.4306703542824888 169.1405452368781 151.69632356846705
leaf_count=197965 16851 2778 1175 311 2095 647 4114 7135 1548 189 14266 5425 4814 71 4872 1476 45290 32019 8517 191 5237 1543 37144 514 736 170 2738 300 2324 8792
internal_value=0 -0.0272682 0.0277418 -0.00777117 0.0398381 0.0275435 -0.051466 -0.0194668 -0.00239705 -0.0122793 -0.0101564 0.0135728 -0.00167233 -0.0257534 0.0206424 -0.00354804 -0.0311649 -0.0292321 -0.032036 0.00998103 -0.0299567 -0.00289698 -0.0472049 0.00457558 -0.00224435 -0.0341472 -0.0485089 -0.000174849 0.043342 0.0119179
internal_weight=0 953.825 905.175 529.066 645.817 338.777 424.759 341.991 259.358 272.899 209.988 187.075 169.083 151.531 161.489 49.5102 126.028 145.754 141.149 161.354 25.5867 32.6882 69.0916 121.368 99.6527 25.8214 21.7709 9.5902 177.423 158.76
internal_count=411247 358544 52703 109632 15224 13129 248912 89844 37479 52389 35931 19788 19080 40796 11773 6901 50947 40607 40536 10158 8015 5657 37455 11593 11079 3944 3774 1036 2971 9967
is_linear=0
shrinkage=0.05


Tree=11
num_leaves=31
num_cat=0
split_feature=7 8 8 7 4 5 7 1 10 5 5 5 5 7 1 7 1 5 5 12 7 7 7 8 11 5 8 11 10 10
split_gain=529.511 171.01 112.314 69.0994 42.9361 40.9609 35.3618 25.6661 23.4677 22.633 20.2136 15.4631 15.0842 14.7382 12.8775 20.5695 13.5295 12.634 12.1542 9.94862 9.77052 9.64095 9.27882 8.98703 8.88526 8.45503 8.33842 14.165 8.16717 12.266
threshold=0.20226948013806056 1.5000000000000002 1.5000000000000002 7.283314618555677e-06 2.5801541805267338 0.12359787523746492 0.0038913666762475136 0.59998787299507239 1.6570072269763481 0.082760516554117217 0.096532024443149581 0.068153787404298796 0.01718152686953545 0.00027468781280590501 0.20080828292467331 0.71951974436471045 0.11742731389744639 0.067366309463977828 0.0095294141210615652 0.86247241667275654 1.1873713945975318e-05 0.35842361597419065 3.8586809869105832e-07 3.5000000000000004 0.51652619242668163 0.052420815452933318 2.5000000000000004 0.11995475118742793 1.9243809745668208 1.2201705693815614
decision_type=2 2 2 2 8 8 2 8 2 10 8 10 10 2 10 2 10 10 8 2 2 2 2 2 10 8 2 8 2 2
left_child=1 5 7 18 9 6 20 14 12 11 26 -5 19 28 16 -16 -2 -8 -3 -4 -1 -10 23 -20 -14 -26 27 -6 29 -12
right_child=2 3 8 4 10 -7 17 -9 21 -11 13 -13 24 -15 15 -17 -18 -19 22 -21 -22 -23 -24 -25 25 -27 -28 -29 -30 -31
leaf_value=-0.061901799334932062 -0.028433211136406223 0.017992062761589805 0.00048262926618695561 0.0099288838449306891 0.0070626849518425324 -0.055741316270540214 -0.015980625897542299 0.01552665787479374 -0.0062273985497982602 0.04228362774880285 -0.050263058045848311 -0.077811927750532806 0.043662741517372934 -0.0070656472603374812 -0.06552296682532488 0.0019510119410995619 0.02036180122933785 0.041671389149918497 -0.041017814540752477 0.032170027259636282 -0.022005393203597047 0.052176326848048932 -0.064475261477551268 0.026223416115216822 0.034715916844798606 -0.076160938619307075 0.014618136099399159 -0.074011538913914238 -0.066008412031753255 -0.010477410336782456
leaf_weight=30.654650237876922 25.116385516012087 6.0452709924429655 55.379601224791259 96.815580553375185 16.608115034177903 345.21132208057679 15.028989111073313 124.76506690424867 6.8627161439508191 70.731583792483434 31.316289047943428 4.2896445468068114 123.43230002280325 126.3305017077364 26.306585187325254 18.927214972442016 30.119277100544423 22.629544206196442 22.072203078074384 44.345345705281943 34.228704734472558 320.7089703574311 54.069600037997589 5.4929972724057725 2.6214881665073335 2.3283678409643462 87.47563962941058 6.8091028488706788 15.348523617489262 51.196759085753001
leaf_count=20193 7992 1128 4416 8287 2020 221709 2269 9772 344 1744 14947 615 1655 21282 6915 2536 1983 812 10816 978 12194 2003 31923 383 49 227 5911 1936 5625 8626
internal_value=0 -0.0241931 0.0302288 -0.00658589 0.000526468 -0.047497 -0.0194238 0.000413079 0.0422827 0.0207865 -0.00987926 0.00543167 0.0296859 -0.0184954 -0.0182741 -0.0377501 -0.00184808 0.0187157 -0.0473045 0.0148024 -0.0415841 0.0509223 -0.0523597 -0.0269945 0.0410048 -0.0206338 0.00750491 -0.0183724 -0.0329789 -0.0260582
internal_weight=0 1042.36 780.913 594.602 506.922 447.753 102.542 225.235 555.679 171.837 335.085 101.105 228.107 224.192 100.469 45.2338 55.2357 37.6585 87.6801 99.7249 64.8834 327.572 81.6348 27.5652 128.382 4.94986 110.893 23.4172 97.8616 82.513
internal_count=411290 372420 38870 115243 70993 257177 35468 29198 9672 10646 60347 8902 7325 50480 19426 9451 9975 3081 44250 5394 32387 2347 43122 11199 1931 276 9867 3956 29198 23573
is_linear=0
shrinkage=0.05


Tree=12
num_leaves=31
num_cat=0
split_feature=7 5 2 5 7 8 2 7 7 4 2 5 5 3 5 7 3 3 11 5 7 11 11 11 11 7 7 5 5 7
split_gain=495.527 133.746 102.696 87.317 58.6169 31.5496 29.2966 19.9001 19.357 19.2353 18.6667 23.0937 15.7666 14.5458 15.1236 13.612 12.3795 12.5201 12.0003 11.3295 10.4369 12.5081 10.353 11.3852 21.1556 9.25215 9.71484 8.82731 8.55889 11.5176
threshold=0.11744111887842207 0.20048680156469348 0.63760249988216067 0.01718152686953545 7.283314618555677e-06 1.5000000000000002 0.75226083480316219 0.48211645163134681 0.7562127313310868 1.1965191364288332 0.43358534993218562 0.013015516567975284 0.10039671510457994 0.17159519589029562 0.068153787404298796 2.1613371156898409e-05 0.068225990935010597 0.19157720278738968 2.5760219162831883 0.011537731625139715 2.8769216840825012e-05 1.0830077528953554 0.038452236740114276 0.8136187183367628 0.84033740231722509 0.00056321309829867564 0.00065639628388441224 0.072276912629604353 0.0384745690971613 2.3294258393283764e-05
decision_type=2 8 10 10 2 2 10 2 2 8 8 8 10 10 10 2 8 10 10 10 2 8 10 10 10 2 2 10 10 2
left_child=1 4 3 7 19 25 9 10 18 12 -2 -12 27 20 -15 -7 -17 22 -9 -1 -11 -22 -18 -24 -25 -3 -27 28 29 -6
right_child=2 5 -4 -5 6 15 -8 8 -10 13 11 -13 -14 14 -16 16 17 -19 -20 -21 21 -23 23 24 -26 26 -28 -29 -30 -31
leaf_value=0.0016278162370454213 0.0073784982727302766 -0.0583874030842845 0.050545148305212007 0.035592221765886757 0.029045936630450353 -0.046210984977091578 0.039268244495692467 0.0057739018096507619 -0.056182172368648288 -0.041584190382242342 0.043316114538536038 -0.047867550199511659 0.055111974785008046 0.058997164746419341 -0.061181789126752366 0.047423138287813749 0.03962228864413804 0.027069615024759755 0.059633028431127701 -0.05227801961437839 -0.0057352324048444694 -0.070952227182466077 -0.042070179423216593 0.019601805091062921 -0.050129912725937698 0.031140219357790901 -0.041358907695782342 -0.072940167253695551 0.026663479511895367 -0.034743680660190179
leaf_weight=11.177323210285975 35.517751520266756 236.6735986196436 288.0543807328213 262.34973630774766 10.476095454767348 65.639602447394282 49.622497173491865 208.16963525442407 11.199799423338844 29.000385319115594 7.0347463311627507 57.51986281061545 20.331361816264689 11.993284380063413 2.3748809299431732 5.8806391605176032 4.7681008428335181 11.152333603240548 9.9400127131957543 64.309694269672036 145.50587343983352 6.7856342862360171 69.183538000914268 25.619495961815119 17.386366027640179 4.1531810415908685 70.583305756095797 2.4244042350910595 32.419031328521669 17.463685739552602
leaf_count=3695 3072 169176 2153 6029 621 34144 1349 17131 5150 8665 269 18803 226 331 466 227 79 1155 123 35961 24384 2138 25186 2051 6169 1359 37478 297 1228 2379
internal_value=0 -0.0264252 0.0261011 0.0141281 -0.00488522 -0.043396 0.00426989 -0.00300871 0.00510053 -0.00206011 -0.0215066 -0.0373455 0.0179367 -0.010628 0.0361192 -0.0276042 -0.0181772 -0.0215711 0.00851223 -0.0443139 -0.0145382 -0.00911762 -0.0264418 -0.0296189 -0.00897419 -0.0533827 -0.0369061 0.00514443 0.00949994 -0.0104756
internal_weight=0 914.924 879.786 591.732 403.884 511.04 328.397 329.382 229.309 278.775 100.072 64.5546 83.1146 195.66 14.3682 199.63 133.99 128.11 218.11 75.487 181.292 152.292 116.958 112.189 43.0059 311.41 74.7365 62.7832 60.3588 27.9398
internal_count=411494 358764 52730 50577 81740 277024 42084 44548 22404 40735 22144 19072 4751 35984 797 69011 34867 34640 17254 39656 35187 26522 33485 33406 8220 208013 38837 4525 4228 3000
is_linear=0
shrinkage=0.05


Tree=13
num_leaves=31
num_cat=0
split_feature=7 8 8 4 7 5 7 7 7 5 0 7 4 10 7 7 5 10 5 10 7 0 11 11 0 11 0 5 5 10
split_gain=490.235 126.531 106.056 48.9785 32.2795 26.8038 26.0077 23.5472 21.0509 21.017 19.065 18.3237 14.0185 19.4179 12.9852 12.4232 11.082 10.6877 10.5597 10.3032 9.70351 8.99789 9.28436 10.3022 8.93119 9.16449 8.6819 8.67254 10.941 8.11988
threshold=0.11744111887842207 1.5000000000000002 1.5000000000000002 2.2488238811492924 0.48211645163134681 0.033165786415338523 8.7900671226532918e-06 0.00022952247579252817 0.67051726419244617 0.10039671510457994 0.87147398164038326 0.54549621056110076 0.48471367359161383 1.581863648381556 0.7562127313310868 1.0170446257255266e-05 0.039036542177200324 0.11703031896006996 0.008403064217418434 1.7114328358801207 0.010895660911177879 0.9409023250257541 0.040284757423417313 0.099418653839347906 0.79776404704887216 0.43287013591174095 0.9497063508893927 0.13080118596553805 0.033165786415338523 0.60641816896863154
decision_type=2 2 2 8 2 10 2 2 2 10 8 2 10 2 2 2 10 2 8 2 2 8 10 10 10 8 10 8 8 2
left_child=1 7 5 9 -4 11 18 26 19 12 27 -2 -3 20 -13 -11 -9 -18 -5 -6 29 -12 -23 -24 -15 -26 -1 28 -8 -14
right_child=2 3 4 6 8 -7 10 16 -10 15 21 14 13 24 -16 -17 17 -19 -20 -21 -22 22 23 -25 25 -27 -28 -29 -30 -31
leaf_value=-0.056397249524212205 -0.034070592665364857 0.018517819469546139 0.018164891748514385 0.041402536134376763 0.034481269682143149 0.031129002342632519 -0.072812064783450467 -0.038034247432003988 -0.067082990219412081 -0.055244070948844419 0.021030458395050376 0.0039293864223739509 0.008145059432909614 0.026821836214449044 -0.052612549409299603 0.045851049552574241 0.0080601629163316781 -0.059089264269514233 -0.053086885429513758 0.050658856059545745 0.016128611502139702 0.03284181633805372 -0.0705487117915925 -0.0094275500551165119 0.039603395354259135 -0.068890856340852596 0.031223337992213974 -0.045878630099569911 0.0021168138226826277 -0.063170534051026225
leaf_weight=265.40977276093327 52.679934201063588 60.465642903465778 166.67370718577877 2.3355917790904641 167.45929872558918 51.297112548258156 4.9531679430510849 93.780149929225445 3.352488567121326 2.3789918101392677 28.633644182933494 141.99971533613279 4.3554389846976873 25.275664103450254 9.9301002311985922 45.98889684304595 29.371336200507358 6.3535126708447924 61.854804676026106 298.64682450471446 5.7176999144721767 11.112371491268275 6.3653310788795343 129.52988102310337 2.0941334133967748 4.7213222400750965 2.1932342313230029 50.757340067997575 25.921075693797324 23.933186335489154
leaf_count=192160 18956 5832 9005 298 3780 1568 1299 49102 887 787 1607 12067 604 2607 4788 876 3773 3333 37860 1644 367 674 1836 22070 67 1304 484 22867 2610 5945
internal_value=0 -0.0260172 0.0263517 -0.00914321 0.0372721 -0.000813951 -0.0207121 -0.0470216 0.0439921 0.0120849 -0.013475 -0.00895904 0.00124086 -0.0145299 -5.33532e-05 0.0397591 -0.0290763 -0.00502972 -0.0489898 0.0449437 -0.0403663 -0.00409978 -0.00913737 -0.0128214 0.0130897 -0.034113 -0.0555469 -0.0332927 -0.0116544 -0.0521166
internal_weight=0 893.502 892.039 496.394 636.132 255.907 321.463 397.108 469.459 174.931 257.273 204.61 126.563 66.0974 151.93 48.3679 129.505 35.7248 64.1904 466.106 34.0063 175.641 147.008 135.895 32.0911 6.81546 267.603 81.6316 30.8742 28.2886
internal_count=411057 358362 52695 109510 15316 37379 91121 248852 6311 18389 52963 35811 16726 10894 16855 1663 56208 7106 38158 5424 6916 26187 24580 23906 3978 1371 192644 26776 3909 6549
is_linear=0
shrinkage=0.05


Tree=14
num_leaves=31
num_cat=0
split_feature=7 8 8 4 2 2 2 7 2 7 3 1 3 3 7 2 7 2 7 7 7 2 7 7 4 3 11 0 7 3
split_gain=499.215 126.222 96.2938 49.01 37.3855 24.5609 23.8821 21.1324 19.991 16.5314 16.3765 15.024 12.8595 13.525 11.5853 10.8474 10.3696 9.79665 8.90339 8.82639 8.65019 8.53098 7.83094 8.26449 7.81072 8.22713 7.80783 9.98084 8.08382 7.76972
threshold=0.048773835239250919 1.5000000000000002 1.5000000000000002 2.2488238811492924 0.63760249988216067 0.6117793962023983 0.59467807271372197 0.00011592496674022375 0.28262446095551064 2.1613371156898409e-05 0.28373587234948905 0.00010647161714335221 0.1733958565580051 0.072563265229957777 3.3710467390972151e-05 0.22697848037388305 0.66572008036173735 0.038384975711449928 0.73935581378477633 0.36742564263035471 4.0572024194792e-05 0.0098209418370859454 0.48211645163134681 0.69977301051056562 1.0000000180025095e-35 1.0000000180025095e-35 0.65851213940035824 0.97262086198541375 0.00019526707807964317 0.057480309333375577
decision_type=2 2 2 8 10 10 10 2 10 2 8 10 10 8 2 8 2 8 2 2 2 8 2 2 10 10 10 8 2 8
left_child=1 14 11 5 21 9 7 29 12 -3 -11 15 13 -9 -1 -2 -13 -15 -18 24 -16 -4 -23 -24 25 -17 -8 -28 -29 -5
right_child=2 3 4 6 -6 -7 26 8 -10 10 -12 16 -14 17 20 19 18 -19 -20 -21 -22 22 23 -25 -26 -27 27 28 -30 -31
leaf_value=-0.057450083579785073 -0.039362823922441018 -0.02486220577997697 -0.05771598497225703 0.031353686635402854 0.049000651216135643 0.048019556843375402 0.010703457610302218 0.052392553239266705 -0.065172168004633282 -0.069606175827048228 0.018712064572601161 -0.031463353160495804 0.03695042699019406 0.017515905111239152 0.012037766547532754 0.020010254847645591 0.0043491018270938979 -0.031813139953576451 -0.028534670875701596 0.037301960566223466 -0.041318130039219136 0.017927067562334458 0.03409069946339726 -0.051100796650100859 -0.052066670835911537 -0.039620178515122839 -0.03708350919059402 0.016445265073372472 -0.059978776392039801 -0.052389975877650201
leaf_weight=210.59930401109159 7.3764181479346007 40.228995870798826 2.1533437338657677 2.1584574552252889 295.5350518906489 35.117414616281167 50.865154688246548 5.7835754444822669 16.266098415711895 4.5991788452956825 84.350747352931648 38.210528616094962 13.555510593112556 11.76731281285174 7.4259589463472357 43.245047015836462 104.56032872572541 49.048772679874673 24.547058480093256 40.825837697368115 151.48496965854429 179.7260067203315 183.10448037809692 1.9979236563667644 4.1891471787821493 5.66465935925953 27.178699946729466 23.083690730622042 3.0349229557905337 90.15424742968753
leaf_count=161968 2571 10355 434 146 2101 542 3639 143 6133 1049 6259 13056 962 1905 3398 2599 8757 14056 5982 2156 80184 11083 3775 667 2580 3132 5779 3465 904 51373
internal_value=0 -0.0278441 0.0255106 -0.0102277 0.0357359 0.011565 -0.0224668 -0.0330312 -0.0163271 0.00132362 0.0133669 0.000233683 -0.0056723 -0.0148398 -0.0495408 0.0153623 -0.00893297 -0.0220586 -0.00203589 0.0200823 -0.0387338 0.0249359 0.0255938 0.0328747 0.00630546 0.0123483 -0.00314538 -0.016408 0.00549633 -0.0500633
internal_weight=0 826.703 931.136 457.193 662.517 164.296 292.896 188.734 96.4213 129.179 88.9499 268.619 80.1552 66.5997 369.51 101.301 167.318 60.8161 129.107 93.9247 158.911 366.982 364.828 185.102 53.0989 48.9097 104.162 53.2973 26.1186 92.3127
internal_count=411153 352260 58893 106710 18060 18205 88505 74718 23199 17663 7308 40833 17066 16104 245550 13038 27795 15961 14739 10467 83582 15959 15525 4442 8311 5731 13787 10148 4369 51519
is_linear=0
shrinkage=0.05


Tree=15
num_leaves=31
num_cat=0
split_feature=8 7 7 5 5 7 10 11 2 2 3 10 7 7 0 5 1 10 5 5 5 2 5 11 1 2 1 10 5 5
split_gain=388.413 189.583 95.1561 47.3385 45.953 35.6928 23.0127 17.1856 17.0365 20.8901 15.951 18.1 14.2604 13.2336 13.1288 11.5682 12.139 11.5946 11.2286 16.6695 11.2097 10.4231 12.5358 10.153 9.94515 9.40513 10.2628 8.93384 10.361 10.574
threshold=1.5000000000000002 0.24254875469277637 0.0035025314715383762 0.0091733750887215155 0.033165786415338523 7.283314618555677e-06 1.7114328358801207 0.71554542629168438 0.43036487150056885 0.27617929426707433 0.068225990935010597 0.072850555355707322 2.0509374530031473e-05 0.51191183585649014 0.8204570202895719 0.051760848611593253 0.00049150353859983814 1.5423325587782071 0.040673151612281806 0.036452403292059905 0.011537731625139715 0.028881520156911571 0.033600993454456336 0.65851213940035824 0.92653451822952193 0.0097527601162471275 0.011847459403319422 1.6463123677278222 0.061349373310804374 0.096532024443149581
decision_type=2 2 2 10 10 2 2 10 10 10 8 2 2 2 10 10 10 2 8 10 10 10 10 10 8 8 8 2 8 10
left_child=2 3 18 7 13 20 15 10 9 12 -2 -12 -7 -4 -10 16 17 -3 19 -1 -5 22 -18 27 -15 -14 -27 28 -16 -30
right_child=1 6 4 5 -6 8 -8 -9 14 -11 11 -13 25 24 23 -17 21 -19 -20 -21 -22 -23 -24 -25 -26 26 -28 -29 29 -31
leaf_value=-0.040848618712829909 0.035839498676325125 0.032108038608348252 -0.039731855623926234 0.036867488939298421 0.023812226793672817 -0.042695771721672805 0.047776699756141426 -0.0053500563245074181 0.054188573429128598 -0.078156939787370927 0.041086735590095631 -0.044370116268384302 0.049902510558668484 -0.021117859692908907 -0.050263467906226302 0.040135385814798308 -0.077941491280423353 -0.072923035554729829 -0.054200304128881022 0.04223314857303672 -0.041169862896881237 0.011079358090477942 0.01585909386679921 -0.032536241810442977 0.0089609878453181836 0.052673055159667671 0.0039170017755229885 0.02973732192733208 0.045523945128340647 -0.058218489578724643
leaf_weight=24.351632446516309 6.7197351597715169 82.075380901340395 73.711109618889168 4.3227004283107808 69.6676707691513 12.225684129400177 308.25214804895222 91.535090449033305 33.174384570680559 6.4270185639616093 5.7760219611227503 100.72725952940527 13.436722501181066 107.04852124035824 7.483517182059586 94.622797705698758 7.3273951082956028 1.7660836679860938 285.64506225672085 6.9839606971945605 40.960922866361216 41.547909741988406 5.5935291699133813 8.1534199211746436 35.94756669155322 10.701505596050991 147.82153817184735 81.468159016920254 9.1390416291542369 2.2777960915118447
leaf_count=15189 472 2018 36776 553 4074 2883 2128 19035 390 1363 173 45384 511 16401 1039 1222 1722 119 210088 1604 21359 2049 132 1269 2620 254 16695 3367 360 496
internal_value=0 0.0174836 -0.0322177 -0.00231356 -0.0112443 0.00817245 0.0387607 -0.0216207 0.013877 0.00404234 -0.034569 -0.0393499 0.00734418 -0.0225949 0.0269506 0.0266549 0.0171746 0.0290032 -0.0510554 -0.0214436 -0.0329769 -0.00113719 -0.0387533 0.0181598 -0.0135119 0.011157 0.00754931 0.0226077 -0.00782248 0.0214017
internal_weight=0 1123.54 603.356 582.351 286.375 377.592 541.185 204.758 332.309 190.612 113.223 106.503 184.185 216.707 141.696 232.933 138.31 83.8415 316.981 31.3356 45.2836 54.4688 12.9209 108.522 142.996 171.96 158.523 100.369 18.9004 11.4168
internal_count=411745 124993 286752 115603 59871 50539 9390 65064 28627 21706 46029 45557 20343 55797 6921 7262 6040 2137 226881 16793 21912 3903 1854 6531 19021 17460 16949 5262 1895 856
is_linear=0
shrinkage=0.05


Tree=16
num_leaves=31
num_cat=0
split_feature=7 9 9 5 4 5 2 0 2 2 7 7 10 4 5 10 7 4 4 5 11 2 2 11 5 2 0 12 7 11
split_gain=405.226 98.6005 88.4827 52.4755 32.0711 38.0871 21.3006 21.0905 18.7707 17.6981 17.4543 15.5171 11.1069 10.632 10.5678 12.8682 10.707 10.4539 10.5845 15.7066 10.1594 9.27123 8.50006 10.5146 8.3889 8.80888 9.18487 8.04453 7.99002 9.36205
threshold=0.020713047120612536 2.5000000000000004 1.5000000000000002 0.039531774818897254 2.2488238811492924 0.06422037631273271 0.24169513323457625 0.95667741768815096 0.79520654526789691 0.63760249988216067 0.00053787108139127999 0.47153440979790767 2.5233006291091447 0.6793508529663087 0.067366309463977828 0.10155636775670811 0.00069309446142973047 1.0701028108596804 0.28870593011379247 0.0075633968226611623 0.63463124810757632 0.6194405955208897 0.1424578556355727 0.48596105635028902 0.40942096710205084 0.99151512772055317 0.96511100766966307 0.20230684640199156 0.0001237800470574939 0.41591970305591019
decision_type=2 2 2 10 8 10 10 8 8 10 2 2 2 10 10 2 2 10 10 10 10 10 10 10 10 10 8 2 2 10
left_child=2 3 10 6 5 12 -2 28 -9 -3 -1 -8 17 -7 16 -16 -12 18 19 27 21 -15 23 -20 25 26 -10 -4 -6 -30
right_child=1 9 4 -5 7 13 11 8 24 -11 14 -13 -14 20 15 -17 -18 -19 22 -21 -22 -23 -24 -25 -26 -27 -28 -29 29 -31
leaf_value=-0.053016974083410766 -0.010757093961643233 0.025934101706066123 0.044528031879105257 0.032678199808839098 -0.050222339562927459 0.053303600626622906 -0.003197729956211458 0.0017233404750794223 0.038179494738513529 0.047818737344101268 0.011939454741862976 0.034066271937422933 0.043261268020387725 -0.072444937464341982 0.037389094203844536 -0.054627556842971652 -0.043776155154273189 -0.069846393446431065 -0.036131550076195888 -0.084066138398225118 0.025508914812718143 0.041360284375534961 0.029262767099223964 0.024603468466663295 0.028320272470967085 0.036331583425024336 -0.057171920614713635 -0.053481053445944907 0.0091858950146259978 -0.034340750574162422
leaf_weight=259.97435612790287 261.49423822597601 152.86077685817145 4.7508644554764059 141.57461579563096 61.840851588873193 32.096104357857257 55.479153574677184 106.74704595049843 1.9842901937663555 257.88006539875641 9.7392987962812168 54.509561379672959 5.8224409120157352 4.6699885465204707 11.670722885057332 4.4266177876852444 50.762659472646192 9.6072546164505166 20.953236032044519 10.269367248751221 33.099129747832194 1.7822030829265711 13.751093653263522 9.6151422266848368 3.6434491127729407 2.3807953274808815 33.658626971649937 2.2901336429640651 15.289043027441947 53.494373020948842
leaf_count=202715 52025 4335 355 4431 38129 464 5213 15418 82 1556 3892 1075 393 961 812 2248 28047 3449 5089 2265 2275 14 744 1288 671 96 15862 683 1662 15694
internal_value=0 0.0215402 -0.0276446 0.00688795 -0.0124908 0.00621159 -0.0029888 -0.0224623 -0.00942041 0.0397691 -0.0467943 0.0153655 -0.0180422 0.0322556 -0.0251993 0.0100778 -0.0346777 -0.0236515 -0.0153702 -0.0473643 0.0141584 -0.0390072 -0.00199423 -0.016695 -0.037458 -0.0444533 -0.0508301 0.00934148 -0.0370582 -0.0246011
internal_weight=0 923.798 764.319 513.058 427.745 148.707 371.483 279.038 148.414 410.741 336.574 109.989 77.0595 71.6474 76.5993 16.0973 60.502 71.2371 61.6298 17.3104 39.5513 6.45219 44.3195 30.5684 41.6672 38.0237 35.6429 7.041 130.624 68.7834
internal_count=411943 68635 343308 62744 105594 17980 58313 87614 32129 5891 237714 6288 14266 3714 34999 3060 31939 13873 10424 3303 3250 975 7121 6377 16711 16040 15944 1038 55485 17356
is_linear=0
shrinkage=0.05


Tree=17
num_leaves=31
num_cat=0
split_feature=7 8 5 10 5 2 5 7 7 0 7 3 5 2 10 0 2 11 2 2 10 0 1 10 0 3 3 3 3 11
split_gain=332.544 128.602 93.7778 49.0958 35.7311 31.3793 27.2884 22.5837 21.7243 18.0792 17.0252 14.0915 11.8843 11.8125 10.6109 10.5257 9.6369 9.56954 9.32148 9.2341 7.66097 7.57366 7.47901 7.4719 7.34194 7.26995 7.20488 11.2942 8.40247 9.876
threshold=0.20226948013806056 1.5000000000000002 0.028060238808393482 2.5233006291091447 0.19490601122379306 0.23843906912117172 0.12359787523746492 1.1873713945975318e-05 2.4133101573040991e-05 0.99540748801793788 1.2886764569562582e-05 0.17159519589029562 0.072276912629604353 0.18225775333228419 0.25267158284754865 0.97262086198541375 0.79940902865363161 0.087844041214634919 0.24169513323457625 0.20654983591744083 1.6854462483192125 0.79776404704887216 0.0063553437450606437 0.41759401559829717 0.9497063508893927 0.057480309333375577 0.26701685357178245 0.12040419911246758 0.11348098917077599 0.58638171338528422
decision_type=2 2 10 2 8 10 8 2 2 8 2 8 10 10 2 10 10 10 10 8 2 8 8 2 10 8 10 10 10 10
left_child=1 6 3 18 5 8 7 -1 14 15 -6 -10 -9 17 -3 -7 -4 -13 -2 -8 -20 -19 -12 -11 -21 -24 27 28 29 -27
right_child=2 4 16 -5 10 9 19 12 11 23 22 13 -14 -15 -16 -17 -18 21 20 24 -22 -23 25 -25 -26 26 -28 -29 -30 -31
leaf_value=-0.055696905822663949 -0.0078632562730767026 0.0065760763342760462 0.037055612804652631 0.037691436566656397 -0.045053073876939312 0.012032930707113107 -0.021324511807756255 -0.018535455636434273 -0.068173356173435826 -0.045507094190017895 0.022638513966978975 -0.032755751521191472 0.023997362607025629 -0.067064180251713859 -0.047273856846157626 -0.064655699018602131 0.054656278600612153 -0.057382546969444927 0.01479469612859774 -0.052228710163013371 -0.070198951240219909 0.017812244620835707 0.044148724573013526 0.045275657970605045 0.029707919132125483 -0.03813817683519094 0.034378332734685095 -0.070194490474699306 0.054419777208132604 -0.0087743420998228419
leaf_weight=25.644874736433849 202.36272295529488 11.390141546027733 209.01292876899242 105.44342216406949 47.574650581460446 84.420378973009065 30.946413572644815 39.063379426719621 5.4768023993819952 1.5235898550599802 13.745474495692177 10.416735679376869 26.818046259926632 4.0844761629123232 38.730218377662823 3.7186889278236768 143.30830953083932 2.4772004960104823 79.508814719272777 263.54603140067775 1.7451586704701174 101.73377885052469 4.1548399315215647 65.869624447543174 2.0861162359360597 38.63434388092719 5.7990559544414273 8.9693271459545922 3.288307887967675 109.16540587448981
leaf_count=20141 30856 2258 3283 1416 30378 5811 15668 11919 1240 388 1386 1642 3376 934 18214 974 408 693 2873 205754 119 8429 102 1146 484 17206 353 2920 252 21198
internal_value=0 -0.0189532 0.0257089 0.00873278 -0.00362037 0.00692979 -0.0410443 -0.01685 -0.00760273 0.0231933 -0.0186498 0.00362566 -0.00104713 0.0075217 -0.0350491 0.00805222 0.0443633 0.0107796 -0.00211055 -0.0484123 0.0120772 0.0154488 -0.0115801 0.0425148 -0.0514575 -0.0144921 -0.0162469 -0.0183142 -0.0147601 -0.0166883
internal_weight=0 949.278 741.381 389.06 561.173 329.842 388.105 91.5263 174.309 155.532 231.331 124.189 65.8814 118.712 50.1204 88.1391 352.321 114.628 283.617 296.579 81.254 104.211 183.757 67.3932 265.632 170.011 165.856 160.057 151.088 147.8
internal_count=411821 372866 38955 35264 115524 41729 257342 35436 33410 8319 73795 12938 15295 11698 20472 6785 3691 10764 33848 221906 2992 9122 43417 1534 206238 42031 41929 41576 38656 38404
is_linear=0
shrinkage=0.05


Tree=18
num_leaves=31
num_cat=0
split_feature=8 7 7 7 5 10 5 4 5 4 5 3 7 8 4 3 1 7 11 7 7 7 5 10 7 5 5 5 4 5
split_gain=328.149 131.591 56.0964 41.0481 33.7288 29.5658 27.0498 21.893 18.8776 17.0636 17.9711 16.7898 15.54 14.6344 13.1666 12.2885 11.1732 10.8487 10.6461 10.5518 8.50144 8.42795 8.39421 7.53968 7.08524 12.885 9.40611 8.23365 6.91887 6.73641
threshold=2.5000000000000004 0.10825047738728456 0.48211645163134681 1.0709754874203053e-05 0.084687955677509322 0.90340610084539941 0.032251168042421348 0.17692779004573825 0.048409447073936469 1.5600423216819765 0.040673151612281806 0.28373587234948905 0.54549621056110076 1.5000000000000002 3.3043805360794072 0.19787610611278508 0.00049150353859983814 0.0011179733487305696 0.28002826869487768 0.42921034853130818 0.67051726419244617 0.14265851983056599 0.44930441677570349 1.0308172052258291 0.0035025314715383762 0.10854787006974222 0.056567482650280006 0.11585121601819993 5.293943166732789 0.15937385708093646
decision_type=2 2 2 2 10 2 10 8 8 8 10 10 2 2 8 10 8 2 10 2 2 2 10 2 2 10 8 10 10 10
left_child=1 3 14 7 5 8 11 -1 -3 -8 17 -5 16 20 -2 18 -10 -11 -16 -7 -14 -6 -4 -20 27 26 -26 -12 -25 -29
right_child=2 4 22 6 21 19 9 -9 12 10 24 -13 13 -15 15 -17 -18 -19 23 -21 -22 -23 -24 28 25 -27 -28 29 -30 -31
leaf_value=0.019443844162387636 0.02566072511190505 0.020980356008375597 0.043750668104389018 -0.03454879998452226 -0.05766776772339019 -0.0032797096613577468 0.026080318315445123 -0.053997033243484371 0.013989122748022626 0.052737917992265931 -0.05795681669372707 0.039334313715484188 0.0074096125129530085 -0.063563229254706421 0.032481036960559678 -0.06903857262573497 -0.046380320657361834 -0.050354601897286688 -0.042021395393271085 0.027155754988289888 -0.018829363712341132 0.035180644714241691 -0.020868423028506482 0.0054550757302222041 -0.0593474282291232 -0.064035251347831598 0.028664310367113123 0.011941777810165585 -0.055044309661934437 -0.038182509847138446
leaf_weight=10.081708064768462 109.18006586981937 32.143111940007657 313.14601345453411 250.40727849362884 1.6132088159210969 43.810268332250416 33.602258149534464 208.70509087876417 8.164811602095142 12.188596884487195 22.633689929032698 7.0725688815582535 67.112132112495601 10.510237137554212 29.925368024269119 4.6426146270241579 60.148346529458649 2.2754645999521008 8.8987605692818743 77.951139276614413 55.338724507018924 76.258744487538934 4.4532855488359919 127.41031617019325 2.6293904883787036 5.7910823307465753 17.899558840785183 11.429586457554253 3.8999048669356844 13.70660930033773
leaf_count=2264 6363 1517 2288 128623 236 4763 1736 172770 1267 1370 8831 1176 5579 1582 1421 1314 19723 656 3716 2825 9960 1574 40 14986 503 2044 1097 2571 2008 6971
internal_value=0 -0.0180833 0.0283498 -0.0332563 0.00290068 -0.003645 -0.0231891 -0.0505171 -0.0140573 -0.00372142 -0.0152506 -0.0323557 -0.0197536 -0.00961298 0.0121143 0.00352575 -0.0389951 0.0339888 0.00592695 0.0162267 -0.00446443 0.032487 0.0427662 3.41082e-05 -0.0252545 -0.00397221 0.0149263 -0.0365561 0.00321801 -0.0156145
internal_weight=0 1031.47 601.556 598.423 433.051 355.179 379.636 218.787 233.417 122.156 88.554 257.48 201.274 132.961 283.957 174.777 68.3132 14.4641 170.134 121.761 122.451 77.872 317.599 140.209 74.0899 26.32 20.5289 47.7699 131.31 25.1362
internal_count=411774 379638 32136 330612 49026 47216 155578 175034 39628 25779 24043 129799 38111 17121 29808 23445 20990 2026 22131 7588 15539 1810 2328 20710 22017 3644 1600 18373 16994 9542
is_linear=0
shrinkage=0.05


Tree=19
num_leaves=31
num_cat=0
split_feature=8 8 2 3 4 2 0 10 0 12 12 3 3 5 0 5 2 5 0 12 5 11 12 5 12 10 2 3 4 11
split_gain=244.722 64.4236 57.7882 23.353 26.1636 21.6256 20.7032 20.1113 14.952 14.6761 12.633 11.9482 10.4967 9.69918 9.19942 9.70977 11.0231 9.8265 9.1869 8.91929 7.60478 8.66096 11.8238 7.20115 7.39695 9.89304 8.44869 7.04427 6.85848 9.85608
threshold=2.5000000000000004 1.5000000000000002 0.79940902865363161 0.22626549260315473 1.0000000180025095e-35 0.6117793962023983 0.9497063508893927 0.04204508841736667 0.99540748801793788 0.80852378572579642 0.94384297858421962 0.2309206057326981 0.11348098917077599 0.2421904802322388 0.8400953388089486 0.097747292369604125 0.72875298007033185 0.064987026154994978 0.79568990678902807 0.86723818125437624 0.13637219369411471 0.040284757423417313 0.18963513838271684 0.043407425284385688 0.44182570278644567 0.30761864781379705 0.25641174794612626 0.26701685357178245 2.5801541805267338 0.57469710001396357
decision_type=2 2 10 8 10 8 8 2 8 2 2 8 8 8 8 10 8 8 10 2 10 10 2 8 2 2 10 10 8 10
left_child=1 3 8 -1 6 9 -5 -8 11 20 12 19 -7 18 -14 16 -16 -18 -13 -2 21 -3 -23 -9 25 26 -25 -24 -20 -30
right_child=2 5 -4 4 -6 10 7 23 -10 -11 -12 13 14 -15 15 -17 17 -19 28 -21 -22 22 27 24 -26 -27 -28 -29 29 -31
leaf_value=-0.051737718641894963 0.036362013961949644 0.031118315316546942 0.045258576271256921 -0.054618116403696217 -0.046762696730594799 -0.055255943494623899 -0.033311283342257192 0.042776375027461684 0.024273845923588448 -0.035278846288078584 -0.007819710717534829 -0.065959147231631113 -0.034267344550395359 -0.033204038564701811 0.028509757277811139 0.038617798150646053 0.010449618225914802 -0.025587652236614383 0.022923831545381412 -0.028745364776536265 0.031931965815946567 -0.067077640442542233 -0.011673664291862174 -0.011537195747702542 0.0041598401548829126 -0.045558093640554236 0.042828830491956404 0.056240059235904243 0.0030651637258752272 -0.049638193525497393
leaf_weight=76.038062689243816 34.992872185539454 10.488994086394085 228.75749080325477 32.154106903122738 87.110564803821035 4.4082757811993361 93.410533229121938 6.178171229781583 155.47779619111679 60.174834648962133 100.90955072862562 3.7647958295419803 7.979386028368026 21.828923206310719 58.595005769282579 42.278157210210338 72.20389657956548 24.493583149742335 35.755882677622139 5.3084628565702578 11.933000253746284 8.7049352552276087 59.774256363743916 168.74115603067912 86.889662334579043 20.320216114865616 6.4577454512473187 3.069469590438529 79.522073750849813 8.9601695709861797
leaf_count=63920 2157 708 1881 29773 71089 2009 50180 520 7079 28443 23433 1071 4448 5683 2201 1949 8171 4735 1940 1536 925 2946 12893 51597 10216 8688 511 57 9017 1725
internal_value=0 -0.0148125 0.0258042 -0.0259543 -0.021938 -0.000943584 -0.0166044 -0.0132573 0.0128197 -0.0162058 0.00663594 0.00334915 0.0136114 -0.00316445 0.0153729 0.0175654 0.0115915 0.00110168 0.00213726 0.0271767 -0.00369673 -0.00926155 -0.0155975 -0.00665629 -0.00790248 -0.0132824 -0.00927322 -0.0074493 0.0047509 -0.00271106
internal_weight=0 1042.31 574.368 577.3 501.262 465.013 414.152 381.997 345.611 154.145 310.868 190.133 209.958 149.832 205.55 197.571 155.292 96.6975 128.003 40.3013 93.9707 82.0377 71.5487 288.587 282.409 195.519 175.199 62.8437 124.238 88.4822
internal_count=411501 379412 32089 286494 222574 92918 151485 121712 30208 45972 46946 23129 23513 19436 21504 17056 15107 12906 13753 3693 17529 16604 15896 71532 71012 60796 52108 12950 12682 10742
is_linear=0
shrinkage=0.05


Tree=20
num_leaves=31
num_cat=0
split_feature=7 5 8 7 8 2 2 4 5 4 5 7 2 4 5 3 3 3 2 11 7 2 5 5 5 2 2 11 2 2
split_gain=272.871 125.144 71.383 45.4691 38.0286 19.9479 19.8053 17.609 16.6349 14.196 14.1943 12.1226 11.8935 11.4075 11.2176 11.127 10.689 8.28645 11.3921 9.09312 8.2138 8.67146 8.12841 7.86965 9.50198 7.64085 7.60367 10.2023 7.534 8.09276
threshold=0.19171595361002167 0.20048680156469348 1.5000000000000002 8.7900671226532918e-06 1.5000000000000002 0.76420895633578545 0.63760249988216067 0.54450479149818432 0.036952054128050811 1.2141000628471377 0.057911053299903877 1.2886764569562582e-05 0.24169513323457625 1.5319548249244692 0.097747292369604125 0.17159519589029562 0.19157720278738968 0.068225990935010597 0.63760249988216067 0.73556581445773528 0.012633978258917775 0.056679671321900431 0.10039671510457994 0.033165786415338523 0.045914212241768844 0.77492506577227493 0.43036487150056885 0.017888663030433943 0.028881520156911571 0.0098953753261176117
decision_type=2 8 2 2 2 10 10 8 10 8 10 2 10 8 10 10 10 8 10 10 2 8 10 10 10 8 10 10 8 8
left_child=1 3 8 7 28 9 10 -1 12 14 -4 -6 -2 -11 -5 23 17 -13 20 -20 -19 -22 -17 26 -25 -21 27 -15 29 -3
right_child=2 4 6 5 11 -7 -8 -9 -10 13 -12 16 -14 15 -16 22 -18 18 19 25 21 -23 -24 24 -26 -27 -28 -29 -30 -31
leaf_value=0.010987053826237991 -0.0096342382171606122 -0.042267712915782907 0.012892830542749629 0.010885982259960222 -0.042340054696148467 0.0418493750709606 0.044384984245624655 -0.046781598064397849 0.029130989468201307 -0.071572376224744758 0.036256974616302236 0.034192383741704323 0.043407390944504236 -0.0001522907308981417 0.050165314489261786 0.047238021005955637 0.026931230875642909 -0.041698181209037344 -0.066757122720567039 0.011111648303585435 0.04034616296228994 -0.021349644961419195 -0.051118703708110828 0.023983039232867959 -0.0048447325500360107 -0.060947538700775843 0.0042934352641364592 -0.066859885569646407 -0.049837301310070505 0.032237223243153194
leaf_weight=16.561951722484082 170.54837840853725 7.1097553265281022 135.22129739518277 70.44580607349053 44.466872360557318 41.32353910477832 246.0860674069263 55.990149338031188 39.295717408880591 4.678221246227622 129.07891988032497 6.6305364561267197 10.253107822965829 9.6574696439784038 24.159555427730083 16.68649560073391 14.299215403385459 56.493934357189573 3.7571466171648344 46.47951234318316 5.7613965882919729 35.341432176763192 1.5073591512627889 35.746231575729325 127.37579957628623 2.9821571912616482 14.802966751158236 13.681825130712239 244.65922349551693 5.6142478315159661
leaf_count=2838 30275 3688 6563 4695 30019 692 1620 38659 1090 717 1760 278 254 3451 273 485 1299 27467 815 5411 250 6667 333 3889 20859 802 1042 5766 207154 2223
internal_value=0 -0.017168 0.0238748 0.00226654 -0.0348989 0.00957153 0.0341219 -0.0335563 4.33485e-05 0.00525341 0.0244159 -0.0192683 -0.00637657 -0.00159975 0.0213889 0.000187078 -0.0130553 -0.0168655 -0.0193536 -0.00060312 -0.0294175 -0.0118301 0.0365899 -0.00324357 0.0015497 0.00554625 -0.0233865 -0.040603 -0.0478845 -0.00907576
internal_weight=0 906.213 730.483 432.617 473.595 360.065 510.386 72.5521 220.097 318.742 264.3 216.212 180.801 224.136 94.6054 219.458 171.745 157.446 150.816 53.2188 97.5968 41.1028 18.1939 201.264 163.122 49.4617 38.1423 23.3393 257.383 12.724
internal_count=411334 369772 41562 83699 286073 42202 9943 41497 31619 41510 8323 73008 30529 36542 4968 35825 42989 41690 41412 7028 34384 6917 818 35007 24748 6213 10259 9217 213065 5911
is_linear=0
shrinkage=0.05


end of trees

feature_importances:
freshness_score=132
als_score=121
country_score=86
score_sum=46
score_mean=45
num_sources=41
tfidf_score=39
cf_score=39
popularity_score=38
trending_score=24
score_max=15
source_count=4

parameters:
[boosting: gbdt]
[objective: lambdarank]
[metric: ndcg]
[tree_learner: serial]
[device_type: cpu]
[data_sample_strategy: bagging]
[data: ]
[valid: ]
[num_iterations: 21]
[learning_rate: 0.05]
[num_leaves: 31]
[num_threads: -1]
[seed: 42]
[deterministic: 0]
[force_col_wise: 0]
[force_row_wise: 0]
[histogram_pool_size: -1]
[max_depth: -1]
[min_data_in_leaf: 30]
[min_sum_hessian_in_leaf: 0.001]
[bagging_fraction: 0.8]
[pos_bagging_fraction: 1]
[neg_bagging_fraction: 1]
[bagging_freq: 1]
[bagging_seed: 400]
[feature_fraction: 0.8]
[feature_fraction_bynode: 1]
[feature_fraction_seed: 30056]
[extra_trees: 0]
[extra_seed: 12879]
[early_stopping_round: 0]
[early_stopping_min_delta: 0]
[first_metric_only: 0]
[max_delta_step: 0]
[lambda_l1: 0.1]
[lambda_l2: 1]
[linear_lambda: 0]
[min_gain_to_split: 0]
[drop_rate: 0.1]
[max_drop: 50]
[skip_drop: 0.5]
[xgboost_dart_mode: 0]
[uniform_drop: 0]
[drop_seed: 17869]
[top_rate: 0.2]
[other_rate: 0.1]
[min_data_per_group: 100]
[max_cat_threshold: 32]
[cat_l2: 10]
[cat_smooth: 10]
[max_cat_to_onehot: 4]
[top_k: 20]
[monotone_constraints: ]
[monotone_constraints_method: basic]
[monotone_penalty: 0]
[feature_contri: ]
[forcedsplits_filename: ]
[refit_decay_rate: 0.9]
[cegb_tradeoff: 1]
[cegb_penalty_split: 0]
[cegb_penalty_feature_lazy: ]
[cegb_penalty_feature_coupled: ]
[path_smooth: 0]
[interaction_constraints: ]
[verbosity: -1]
[saved_feature_importance_type: 0]
[use_quantized_grad: 0]
[num_grad_quant_bins: 4]
[quant_train_renew_leaf: 0]
[stochastic_rounding: 1]
[linear_tree: 0]
[max_bin: 255]
[max_bin_by_feature: ]
[min_data_in_bin: 3]
[bin_construct_sample_cnt: 200000]
[data_random_seed: 175]
[is_enable_sparse: 1]
[enable_bundle: 1]
[use_missing: 1]
[zero_as_missing: 0]
[feature_pre_filter: 1]
[pre_partition: 0]
[two_round: 0]
[header: 0]
[label_column: ]
[weight_column: ]
[group_column: ]
[ignore_column: ]
[categorical_feature: ]
[forcedbins_filename: ]
[precise_float_parser: 0]
[parser_config_file: ]
[objective_seed: 16083]
[num_class: 1]
[is_unbalance: 0]
[scale_pos_weight: 1]
[sigmoid: 1]
[boost_from_average: 1]
[reg_sqrt: 0]
[alpha: 0.9]
[fair_c: 1]
[poisson_max_delta_step: 0.7]
[tweedie_variance_power: 1.5]
[lambdarank_truncation_level: 30]
[lambdarank_norm: 1]
[label_gain: 0,1]
[lambdarank_position_bias_regularization: 0]
[eval_at: 5,10]
[multi_error_top_k: 1]
[auc_mu_weights: ]
[num_machines: 1]
[local_listen_port: 12400]
[time_out: 120]
[machine_list_filename: ]
[machines: ]
[gpu_platform_id: -1]
[gpu_device_id: -1]
[gpu_use_dp: 0]
[num_gpu: 1]

end of parameters

pandas_categorical:[]
